                              -119 to -60 -59 to 0 1 to 60 61 to 120 121 to 180 181 to 240
Category         Label                                                                    
Beta             1                   1.39     1.44    1.34      1.51       1.54       1.33
                 2                   1.51     1.32    1.23      1.39       1.41       1.30
                 3                   1.37     1.29    1.30      1.42       1.37       1.33
                 4                   1.35     1.22    1.23      1.35       1.39       1.34
                 5                   1.34     1.20    1.34      1.33       1.36       1.39
                 6                   1.30     1.29    1.33      1.37       1.40       1.28
                 7                   1.41     1.21    1.35      1.38       1.34       1.33
                 8                   1.40     1.33    1.45      1.35       1.30       1.26
                 9                   1.37     1.28    1.38      1.33       1.30       1.14
                 10                  1.52     1.32    1.34      1.42       1.34       1.42
Rank correlation SUE and beta        0.15    -0.10   0.68*     -0.36     -0.87*      -0.15
Jensen's alpha   1                   -5.0     -4.9    -3.4      -2.4       -1.6       -1.0
                 10                   0.6      1.3     1.1      -1.5       -1.8       -0.2
                 Combined             5.6      6.2     4.6       0.9       -0.2        0.8