                             -119 to -60 -59 to 0 1 to 60 61 to 120 121 to 180 181 to 240
Category         Label                                                                    
Beta             1                   1.16     1.21    1.14      1.17       1.26       1.31
                 2                   1.20     1.19    1.18      1.15       1.19       1.25
                 3                   1.20     1.21    1.14      1.19       1.22       1.24
                 4                   1.20     1.27    1.18      1.23       1.21       1.20
                 5                   1.20     1.22    1.25      1.31       1.22       1.19
                 6                   1.28     1.23    1.23      1.25       1.24       1.24
                 7                   1.26     1.25    1.27      1.21       1.27       1.20
                 8                   1.23     1.29    1.25      1.25       1.20       1.17
                 9                   1.24     1.29    1.27      1.29       1.20       1.18
                 10                  1.25     1.35    1.29      1.26       1.21       1.15
Rank correlation SUE and beta       0.70*    0.89*   0.90*     0.72*      -0.22     -0.85*
Jensen's alpha   1                   -1.6    -4.0*    -0.8      -0.6       -0.1        0.8
                 10                   2.8     6.2*     3.2       1.5        1.2        1.3
                 Combined             4.4    10.2*     4.0       2.0        1.4        0.4